((4, 30), 141)
((4, 31), 54)
((4, 51), 36)
((30, 4), 149)
((30, 60), 61)
((30, 78), 197)
((30, 80), 39)
((30, 141), 32)
((30, 161), 29)
((31, 4), 46)
((31, 60), 1)
((31, 78), 123)
((31, 80), 14)
((31, 141), 7)
((31, 161), 37)
((51, 4), 36)
((51, 60), 12)
((51, 141), 11)
((60, 30), 59)
((60, 31), 6)
((60, 51), 12)
((78, 31), 129)
((80, 30), 39)
((80, 31), 14)
((141, 30), 32)
((141, 31), 7)
((141, 51), 11)
((161, 30), 29)
((161, 31), 37)
((4, 117), 8)
((78, 117), 62)
((117, 4), 8)
((117, 78), 62)
((4, 178), 22)
((78, 178), 31)
((178, 4), 22)
((178, 78), 31)
((78, 105), 124)
((105, 78), 124)
((60, 105), 31)
((60, 164), 3)
((105, 60), 31)
((164, 60), 3)
((4, 133), 31)
((78, 133), 62)
((133, 4), 31)
((133, 78), 62)
((133, 147), 21)
((147, 133), 21)
((119, 137), 14)
((137, 119), 15)
((23, 78), 71)
((78, 23), 73)
((4, 157), 31)
((78, 157), 31)
((157, 4), 31)
((157, 78), 31)
((4, 58), 3)
((4, 118), 62)
((4, 126), 61)
((7, 161), 107)
((58, 4), 3)
((58, 78), 31)
((60, 118), 17)
((64, 118), 58)
((77, 118), 28)
((78, 58), 31)
((78, 100), 52)
((78, 118), 64)
((78, 126), 93)
((100, 78), 52)
((118, 4), 62)
((118, 7), 14)
((118, 60), 17)
((118, 64), 58)
((118, 77), 28)
((118, 78), 64)
((118, 147), 52)
((118, 161), 2)
((118, 174), 46)
((118, 184), 42)
((126, 4), 61)
((126, 78), 93)
((126, 184), 4)
((147, 118), 52)
((161, 118), 15)
((174, 118), 46)
((184, 118), 14)
((184, 126), 4)
((7, 31), 31)
((30, 147), 49)
((30, 174), 20)
((31, 7), 31)
((31, 147), 2)
((31, 174), 14)
((78, 30), 173)
((147, 30), 50)
((147, 31), 2)
((174, 30), 20)
((174, 31), 14)
((4, 23), 32)
((23, 4), 32)
((4, 42), 66)
((4, 50), 93)
((4, 60), 93)
((4, 77), 93)
((4, 78), 118)
((4, 80), 93)
((4, 137), 93)
((4, 144), 93)
((4, 147), 93)
((4, 161), 93)
((7, 78), 147)
((7, 147), 93)
((15, 60), 78)
((15, 147), 43)
((23, 137), 31)
((36, 78), 88)
((36, 113), 79)
((36, 147), 91)
((42, 4), 66)
((42, 78), 67)
((50, 4), 93)
((50, 60), 93)
((50, 80), 93)
((50, 137), 33)
((50, 147), 93)
((50, 166), 108)
((50, 174), 94)
((60, 4), 93)
((60, 15), 78)
((60, 50), 93)
((60, 77), 90)
((60, 78), 107)
((60, 137), 76)
((60, 147), 93)
((60, 163), 58)
((60, 169), 31)
((60, 189), 66)
((64, 23), 4)
((64, 78), 80)
((74, 78), 95)
((74, 147), 93)
((77, 4), 93)
((77, 60), 90)
((77, 78), 124)
((77, 147), 98)
((77, 169), 65)
((78, 4), 140)
((78, 7), 130)
((78, 36), 87)
((78, 42), 67)
((78, 60), 107)
((78, 64), 79)
((78, 74), 95)
((78, 77), 124)
((78, 80), 102)
((78, 95), 27)
((78, 113), 106)
((78, 120), 49)
((78, 129), 62)
((78, 137), 98)
((78, 144), 84)
((78, 147), 124)
((78, 161), 155)
((78, 162), 124)
((78, 163), 82)
((78, 164), 100)
((78, 169), 5)
((78, 189), 95)
((80, 4), 93)
((80, 50), 93)
((80, 78), 102)
((80, 147), 77)
((80, 161), 61)
((80, 171), 56)
((95, 78), 27)
((113, 36), 78)
((113, 78), 106)
((113, 147), 124)
((120, 78), 48)
((129, 78), 62)
((129, 137), 31)
((129, 147), 50)
((137, 4), 93)
((137, 23), 31)
((137, 50), 33)
((137, 60), 76)
((137, 78), 98)
((137, 129), 31)
((137, 147), 93)
((144, 4), 93)
((144, 78), 84)
((144, 147), 93)
((147, 4), 93)
((147, 7), 93)
((147, 15), 43)
((147, 36), 91)
((147, 50), 93)
((147, 60), 93)
((147, 74), 93)
((147, 77), 98)
((147, 78), 124)
((147, 80), 77)
((147, 113), 124)
((147, 129), 50)
((147, 137), 93)
((147, 144), 93)
((147, 162), 105)
((147, 163), 49)
((147, 166), 98)
((147, 174), 95)
((147, 189), 93)
((161, 4), 93)
((161, 78), 154)
((161, 80), 61)
((162, 78), 124)
((162, 147), 105)
((163, 60), 58)
((163, 78), 82)
((163, 147), 49)
((164, 78), 101)
((166, 50), 108)
((166, 147), 98)
((169, 60), 31)
((169, 77), 64)
((169, 78), 22)
((171, 80), 55)
((174, 50), 94)
((174, 147), 95)
((189, 60), 66)
((189, 78), 95)
((189, 147), 93)
((2, 7), 34)
((2, 78), 34)
((2, 184), 29)
((3, 184), 9)
((4, 21), 11)
((4, 103), 4)
((4, 174), 85)
((4, 184), 70)
((6, 184), 31)
((7, 2), 34)
((7, 36), 30)
((7, 42), 80)
((7, 50), 93)
((7, 76), 70)
((7, 77), 31)
((7, 80), 15)
((7, 95), 9)
((7, 141), 31)
((7, 155), 57)
((7, 162), 9)
((7, 166), 49)
((7, 174), 48)
((7, 184), 47)
((8, 39), 3)
((8, 86), 18)
((8, 107), 37)
((8, 174), 9)
((8, 182), 90)
((10, 29), 49)
((10, 111), 8)
((10, 147), 17)
((14, 64), 82)
((15, 50), 69)
((15, 77), 4)
((15, 78), 17)
((15, 174), 44)
((15, 184), 29)
((18, 113), 9)
((18, 162), 2)
((19, 60), 42)
((19, 147), 40)
((19, 174), 23)
((20, 184), 4)
((21, 4), 11)
((21, 32), 10)
((21, 166), 21)
((22, 71), 31)
((22, 184), 31)
((24, 54), 6)
((24, 78), 13)
((24, 184), 31)
((26, 184), 26)
((27, 113), 31)
((29, 10), 49)
((29, 111), 2)
((29, 147), 80)
((29, 162), 62)
((29, 174), 6)
((32, 21), 10)
((32, 131), 5)
((32, 174), 27)
((32, 184), 5)
((34, 113), 31)
((35, 137), 12)
((35, 182), 55)
((36, 7), 30)
((36, 54), 8)
((36, 76), 6)
((36, 155), 23)
((36, 162), 8)
((36, 166), 10)
((36, 174), 5)
((36, 184), 31)
((39, 8), 3)
((39, 111), 11)
((39, 174), 62)
((39, 182), 42)
((42, 7), 80)
((42, 80), 8)
((42, 113), 12)
((42, 161), 47)
((42, 174), 17)
((42, 184), 31)
((47, 64), 33)
((50, 7), 93)
((50, 15), 70)
((50, 77), 28)
((50, 141), 66)
((50, 161), 93)
((52, 131), 5)
((52, 174), 31)
((53, 184), 14)
((54, 24), 6)
((54, 36), 8)
((54, 184), 24)
((59, 113), 31)
((60, 19), 42)
((60, 67), 37)
((60, 74), 29)
((60, 81), 31)
((60, 89), 1)
((60, 135), 31)
((60, 141), 75)
((60, 144), 23)
((60, 166), 21)
((60, 174), 86)
((60, 184), 31)
((60, 186), 55)
((62, 184), 23)
((64, 14), 82)
((64, 47), 33)
((64, 75), 61)
((64, 91), 63)
((64, 107), 64)
((64, 137), 53)
((64, 147), 76)
((64, 173), 41)
((64, 174), 19)
((64, 175), 54)
((64, 182), 103)
((64, 184), 31)
((65, 175), 32)
((66, 184), 31)
((67, 60), 29)
((67, 78), 115)
((67, 131), 9)
((67, 166), 85)
((67, 174), 59)
((67, 184), 31)
((68, 74), 31)
((68, 77), 62)
((69, 184), 31)
((71, 22), 31)
((71, 184), 31)
((73, 184), 31)
((74, 60), 29)
((74, 68), 31)
((74, 77), 57)
((74, 137), 67)
((74, 162), 12)
((74, 174), 41)
((74, 184), 47)
((75, 64), 65)
((75, 113), 47)
((75, 138), 59)
((75, 174), 11)
((76, 7), 71)
((76, 36), 6)
((76, 77), 1)
((76, 113), 31)
((76, 148), 13)
((76, 155), 2)
((76, 161), 9)
((76, 184), 29)
((77, 7), 31)
((77, 15), 4)
((77, 50), 28)
((77, 68), 62)
((77, 74), 47)
((77, 76), 1)
((77, 87), 1)
((77, 96), 31)
((77, 112), 21)
((77, 128), 8)
((77, 129), 34)
((77, 137), 122)
((77, 141), 10)
((77, 142), 14)
((77, 144), 18)
((77, 146), 17)
((77, 148), 21)
((77, 162), 31)
((77, 163), 40)
((77, 170), 31)
((77, 174), 63)
((77, 177), 22)
((77, 182), 17)
((77, 184), 31)
((77, 189), 31)
((78, 2), 34)
((78, 15), 17)
((78, 24), 13)
((78, 67), 93)
((78, 94), 38)
((78, 96), 44)
((78, 128), 54)
((78, 131), 14)
((78, 141), 72)
((78, 154), 5)
((78, 155), 41)
((78, 166), 67)
((78, 174), 93)
((78, 177), 50)
((80, 7), 32)
((80, 42), 12)
((80, 95), 5)
((80, 166), 18)
((80, 184), 31)
((81, 60), 31)
((81, 174), 16)
((86, 8), 18)
((86, 107), 30)
((86, 182), 6)
((87, 77), 1)
((88, 113), 31)
((89, 60), 1)
((89, 174), 24)
((89, 184), 5)
((89, 186), 2)
((91, 64), 63)
((94, 78), 33)
((94, 161), 13)
((94, 184), 31)
((95, 7), 9)
((95, 80), 5)
((95, 161), 12)
((95, 184), 31)
((96, 77), 31)
((96, 78), 44)
((96, 113), 4)
((96, 141), 37)
((96, 147), 34)
((96, 149), 32)
((96, 162), 37)
((96, 166), 10)
((96, 174), 3)
((96, 184), 31)
((96, 189), 18)
((98, 184), 32)
((103, 4), 4)
((103, 166), 5)
((104, 179), 4)
((104, 182), 94)
((106, 113), 31)
((106, 184), 8)
((107, 8), 37)
((107, 64), 65)
((107, 86), 30)
((107, 179), 29)
((107, 182), 75)
((108, 174), 17)
((111, 10), 6)
((111, 29), 4)
((111, 39), 11)
((111, 147), 68)
((111, 174), 22)
((111, 180), 6)
((111, 182), 68)
((112, 77), 28)
((112, 137), 81)
((112, 143), 70)
((112, 170), 54)
((112, 174), 47)
((112, 182), 77)
((113, 18), 9)
((113, 27), 31)
((113, 34), 31)
((113, 42), 12)
((113, 59), 31)
((113, 75), 49)
((113, 76), 31)
((113, 88), 31)
((113, 96), 4)
((113, 106), 31)
((113, 145), 57)
((113, 148), 10)
((113, 149), 31)
((113, 155), 14)
((113, 161), 10)
((113, 162), 49)
((113, 172), 14)
((113, 174), 31)
((113, 184), 31)
((113, 185), 2)
((114, 131), 20)
((114, 158), 16)
((114, 174), 30)
((114, 184), 31)
((115, 131), 5)
((115, 174), 58)
((120, 161), 31)
((120, 166), 26)
((120, 184), 31)
((122, 161), 30)
((124, 184), 29)
((125, 174), 13)
((125, 184), 31)
((128, 77), 8)
((128, 78), 54)
((128, 174), 4)
((128, 184), 31)
((129, 77), 32)
((129, 169), 31)
((129, 184), 12)
((131, 32), 5)
((131, 52), 5)
((131, 67), 9)
((131, 78), 14)
((131, 114), 20)
((131, 115), 5)
((131, 147), 9)
((131, 158), 3)
((131, 166), 12)
((131, 177), 17)
((131, 181), 13)
((131, 184), 16)
((134, 174), 8)
((134, 184), 6)
((135, 60), 31)
((136, 161), 31)
((137, 35), 12)
((137, 64), 54)
((137, 74), 84)
((137, 77), 104)
((137, 112), 80)
((137, 142), 11)
((137, 144), 18)
((137, 162), 6)
((137, 170), 62)
((137, 174), 35)
((137, 182), 76)
((137, 184), 33)
((138, 75), 59)
((139, 184), 10)
((141, 7), 31)
((141, 50), 67)
((141, 60), 67)
((141, 77), 10)
((141, 78), 72)
((141, 96), 38)
((141, 147), 49)
((141, 148), 30)
((141, 149), 24)
((141, 155), 6)
((141, 162), 50)
((141, 166), 40)
((141, 174), 75)
((141, 177), 30)
((141, 184), 50)
((142, 77), 14)
((142, 137), 11)
((142, 170), 15)
((143, 112), 70)
((143, 174), 28)
((143, 182), 16)
((144, 60), 23)
((144, 77), 18)
((144, 137), 18)
((144, 174), 14)
((144, 184), 31)
((144, 189), 5)
((145, 113), 57)
((145, 184), 14)
((146, 77), 17)
((146, 144), 36)
((147, 10), 18)
((147, 19), 44)
((147, 29), 80)
((147, 64), 76)
((147, 96), 34)
((147, 111), 68)
((147, 131), 9)
((147, 141), 49)
((147, 170), 71)
((147, 177), 42)
((147, 184), 78)
((148, 76), 13)
((148, 77), 21)
((148, 113), 10)
((148, 141), 30)
((148, 155), 17)
((148, 184), 31)
((149, 96), 32)
((149, 113), 31)
((149, 141), 24)
((149, 177), 14)
((149, 184), 31)
((154, 78), 5)
((154, 184), 31)
((155, 7), 56)
((155, 36), 24)
((155, 76), 1)
((155, 78), 41)
((155, 113), 14)
((155, 141), 6)
((155, 148), 17)
((155, 161), 11)
((155, 184), 29)
((156, 184), 31)
((158, 114), 9)
((158, 131), 3)
((158, 134), 4)
((158, 174), 28)
((160, 161), 22)
((161, 7), 93)
((161, 42), 47)
((161, 50), 93)
((161, 76), 9)
((161, 94), 13)
((161, 95), 12)
((161, 113), 10)
((161, 120), 31)
((161, 122), 30)
((161, 136), 31)
((161, 155), 11)
((161, 160), 22)
((161, 162), 6)
((161, 163), 29)
((161, 165), 1)
((161, 166), 49)
((161, 171), 31)
((161, 174), 47)
((161, 184), 36)
((161, 189), 13)
((162, 7), 9)
((162, 18), 2)
((162, 29), 62)
((162, 36), 8)
((162, 74), 6)
((162, 77), 31)
((162, 96), 37)
((162, 113), 49)
((162, 137), 14)
((162, 141), 51)
((162, 161), 6)
((162, 166), 31)
((162, 174), 47)
((162, 184), 31)
((163, 77), 40)
((163, 161), 29)
((163, 174), 2)
((163, 184), 31)
((163, 189), 26)
((165, 161), 1)
((166, 7), 49)
((166, 21), 21)
((166, 36), 10)
((166, 60), 21)
((166, 67), 85)
((166, 78), 66)
((166, 80), 22)
((166, 96), 10)
((166, 103), 5)
((166, 120), 26)
((166, 131), 12)
((166, 141), 40)
((166, 161), 49)
((166, 162), 36)
((166, 174), 93)
((166, 177), 27)
((166, 184), 45)
((168, 175), 9)
((169, 184), 31)
((170, 77), 31)
((170, 112), 53)
((170, 137), 79)
((170, 142), 15)
((170, 147), 71)
((170, 174), 12)
((170, 184), 31)
((171, 161), 31)
((171, 184), 31)
((172, 113), 14)
((173, 64), 41)
((173, 175), 7)
((174, 4), 85)
((174, 7), 48)
((174, 8), 9)
((174, 15), 43)
((174, 19), 23)
((174, 29), 6)
((174, 32), 27)
((174, 36), 5)
((174, 39), 62)
((174, 42), 17)
((174, 52), 31)
((174, 60), 90)
((174, 64), 19)
((174, 67), 59)
((174, 74), 41)
((174, 75), 11)
((174, 77), 63)
((174, 78), 93)
((174, 81), 16)
((174, 89), 24)
((174, 96), 3)
((174, 108), 17)
((174, 111), 22)
((174, 112), 48)
((174, 113), 31)
((174, 114), 31)
((174, 115), 58)
((174, 125), 13)
((174, 128), 4)
((174, 134), 5)
((174, 137), 35)
((174, 141), 75)
((174, 143), 28)
((174, 144), 14)
((174, 158), 25)
((174, 161), 48)
((174, 162), 48)
((174, 163), 2)
((174, 166), 93)
((174, 170), 12)
((174, 176), 31)
((174, 177), 48)
((174, 181), 31)
((174, 182), 31)
((174, 183), 26)
((174, 184), 37)
((174, 186), 31)
((174, 189), 33)
((175, 64), 54)
((175, 65), 32)
((175, 168), 9)
((175, 173), 7)
((176, 174), 31)
((177, 77), 22)
((177, 78), 50)
((177, 131), 17)
((177, 141), 30)
((177, 147), 42)
((177, 149), 14)
((177, 166), 27)
((177, 174), 48)
((177, 184), 31)
((179, 104), 4)
((179, 107), 29)
((179, 182), 6)
((180, 111), 3)
((180, 182), 11)
((181, 131), 14)
((181, 174), 31)
((182, 8), 90)
((182, 35), 55)
((182, 39), 42)
((182, 64), 88)
((182, 77), 17)
((182, 86), 6)
((182, 104), 95)
((182, 107), 77)
((182, 111), 68)
((182, 112), 77)
((182, 137), 76)
((182, 143), 16)
((182, 174), 31)
((182, 179), 8)
((182, 180), 8)
((183, 174), 26)
((183, 184), 6)
((184, 2), 29)
((184, 3), 9)
((184, 4), 70)
((184, 6), 31)
((184, 7), 47)
((184, 15), 29)
((184, 20), 4)
((184, 22), 31)
((184, 24), 31)
((184, 26), 26)
((184, 32), 5)
((184, 36), 31)
((184, 42), 31)
((184, 53), 14)
((184, 54), 24)
((184, 60), 31)
((184, 62), 23)
((184, 64), 31)
((184, 66), 31)
((184, 67), 31)
((184, 69), 31)
((184, 71), 31)
((184, 73), 31)
((184, 74), 49)
((184, 76), 29)
((184, 77), 31)
((184, 80), 31)
((184, 89), 5)
((184, 94), 31)
((184, 95), 31)
((184, 96), 31)
((184, 98), 32)
((184, 106), 8)
((184, 113), 31)
((184, 114), 31)
((184, 120), 31)
((184, 124), 29)
((184, 125), 31)
((184, 128), 31)
((184, 129), 31)
((184, 131), 16)
((184, 134), 6)
((184, 137), 31)
((184, 139), 10)
((184, 141), 50)
((184, 144), 31)
((184, 145), 14)
((184, 146), 5)
((184, 147), 79)
((184, 148), 31)
((184, 149), 31)
((184, 154), 31)
((184, 155), 29)
((184, 156), 31)
((184, 161), 36)
((184, 162), 31)
((184, 163), 31)
((184, 166), 45)
((184, 169), 12)
((184, 170), 31)
((184, 171), 31)
((184, 174), 37)
((184, 177), 31)
((184, 183), 6)
((184, 189), 48)
((185, 113), 2)
((186, 60), 54)
((186, 89), 2)
((186, 174), 31)
((189, 77), 31)
((189, 96), 18)
((189, 144), 5)
((189, 161), 13)
((189, 163), 27)
((189, 174), 33)
((189, 184), 48)
((48, 78), 4)
((78, 48), 31)
((78, 185), 62)
((185, 78), 62)
((4, 99), 31)
((78, 99), 62)
((99, 4), 31)
((99, 78), 62)
((4, 72), 44)
((60, 72), 27)
((72, 4), 43)
((72, 60), 27)
((72, 77), 31)
((72, 137), 31)
((77, 72), 31)
((137, 72), 31)
((4, 132), 31)
((64, 132), 31)
((77, 132), 31)
((78, 132), 31)
((132, 4), 31)
((132, 64), 31)
((132, 77), 31)
((132, 78), 31)
((132, 147), 31)
((132, 161), 31)
((132, 174), 31)
((132, 184), 12)
((147, 132), 31)
((161, 132), 31)
((174, 132), 31)
((184, 132), 12)
((4, 13), 31)
((13, 4), 31)
((13, 78), 31)
((13, 147), 11)
((61, 78), 31)
((78, 13), 31)
((78, 61), 31)
((128, 147), 16)
((147, 13), 11)
((147, 128), 16)
((4, 190), 16)
((190, 4), 16)
((4, 63), 32)
((63, 4), 31)
((63, 78), 31)
((78, 63), 31)
((184, 152), 1)
((33, 137), 31)
((77, 33), 10)
((77, 83), 10)
((83, 74), 10)
((83, 77), 20)
((83, 137), 18)
((137, 33), 30)
((137, 83), 20)
((5, 78), 17)
((78, 5), 17)
((78, 84), 9)
((84, 78), 8)
((1, 78), 28)
((78, 1), 28)
((4, 131), 8)
((131, 4), 8)
((4, 7), 62)
((4, 15), 16)
((4, 36), 7)
((4, 64), 59)
((4, 67), 85)
((4, 74), 62)
((4, 112), 62)
((4, 113), 30)
((4, 120), 32)
((4, 122), 62)
((4, 141), 16)
((4, 146), 31)
((4, 151), 14)
((4, 159), 25)
((4, 162), 34)
((4, 163), 31)
((4, 167), 2)
((4, 170), 15)
((4, 182), 62)
((4, 189), 62)
((7, 4), 62)
((7, 30), 12)
((8, 147), 16)
((11, 78), 6)
((12, 78), 81)
((14, 147), 44)
((15, 4), 16)
((22, 50), 7)
((22, 78), 14)
((25, 78), 20)
((29, 50), 18)
((30, 7), 12)
((30, 74), 25)
((30, 77), 48)
((30, 137), 31)
((36, 4), 7)
((36, 50), 62)
((36, 189), 3)
((38, 78), 34)
((42, 50), 62)
((42, 166), 6)
((50, 22), 13)
((50, 29), 20)
((50, 36), 62)
((50, 42), 62)
((50, 67), 62)
((50, 74), 15)
((50, 76), 55)
((50, 94), 62)
((50, 96), 46)
((50, 112), 11)
((50, 113), 62)
((50, 120), 62)
((50, 125), 31)
((50, 144), 15)
((50, 148), 15)
((50, 154), 18)
((50, 155), 31)
((50, 156), 31)
((50, 162), 62)
((50, 163), 24)
((50, 171), 3)
((50, 177), 62)
((50, 182), 15)
((50, 189), 19)
((51, 78), 47)
((55, 64), 6)
((55, 138), 32)
((60, 146), 17)
((60, 161), 16)
((64, 4), 59)
((64, 55), 6)
((64, 138), 7)
((67, 4), 62)
((67, 50), 62)
((67, 147), 40)
((74, 4), 62)
((74, 30), 25)
((74, 50), 15)
((75, 78), 15)
((75, 147), 62)
((76, 50), 62)
((76, 78), 62)
((77, 30), 48)
((77, 122), 14)
((78, 11), 6)
((78, 12), 81)
((78, 22), 14)
((78, 25), 20)
((78, 38), 34)
((78, 51), 47)
((78, 75), 15)
((78, 76), 62)
((78, 92), 7)
((78, 112), 62)
((78, 115), 11)
((78, 116), 20)
((78, 122), 62)
((78, 146), 17)
((78, 148), 14)
((78, 151), 31)
((78, 159), 47)
((78, 167), 2)
((78, 170), 62)
((78, 171), 15)
((78, 182), 62)
((92, 78), 7)
((94, 50), 62)
((96, 50), 46)
((104, 147), 49)
((112, 4), 62)
((112, 50), 11)
((112, 78), 62)
((112, 147), 62)
((113, 4), 30)
((113, 50), 62)
((115, 78), 11)
((116, 78), 20)
((120, 4), 32)
((120, 50), 62)
((120, 147), 13)
((122, 4), 62)
((122, 77), 14)
((122, 78), 62)
((125, 50), 31)
((137, 30), 31)
((138, 55), 32)
((138, 64), 7)
((138, 147), 63)
((141, 4), 16)
((141, 161), 10)
((143, 147), 47)
((144, 50), 15)
((146, 60), 16)
((146, 169), 18)
((147, 8), 16)
((147, 14), 44)
((147, 67), 40)
((147, 75), 62)
((147, 104), 49)
((147, 112), 62)
((147, 120), 15)
((147, 138), 62)
((147, 143), 48)
((147, 149), 34)
((147, 151), 26)
((147, 161), 62)
((147, 182), 62)
((148, 50), 20)
((148, 78), 14)
((149, 147), 34)
((151, 4), 15)
((151, 78), 31)
((151, 147), 26)
((151, 174), 16)
((151, 184), 8)
((154, 50), 18)
((154, 174), 14)
((155, 50), 31)
((156, 50), 31)
((159, 4), 25)
((159, 78), 47)
((161, 60), 16)
((161, 141), 10)
((161, 147), 62)
((162, 4), 33)
((162, 50), 62)
((163, 4), 31)
((163, 50), 24)
((166, 42), 2)
((167, 4), 2)
((167, 78), 2)
((167, 184), 2)
((170, 4), 15)
((170, 78), 46)
((171, 50), 3)
((171, 78), 15)
((174, 151), 16)
((174, 154), 14)
((177, 50), 62)
((182, 4), 62)
((182, 50), 15)
((182, 78), 62)
((182, 147), 62)
((182, 188), 46)
((184, 151), 8)
((184, 167), 2)
((188, 182), 51)
((189, 4), 62)
((189, 36), 3)
((189, 50), 15)
((4, 105), 31)
((105, 4), 31)
((11, 64), 7)
((14, 44), 9)
((44, 14), 9)
((56, 64), 20)
((64, 11), 7)
((64, 56), 20)
((4, 9), 31)
((9, 4), 31)
((9, 78), 31)
((78, 9), 31)
((184, 97), 10)
((184, 164), 22)
((4, 164), 53)
((78, 119), 34)
((119, 78), 34)
((164, 4), 53)
((42, 97), 31)
((78, 97), 123)
((97, 42), 31)
((97, 78), 123)
((72, 78), 62)
((78, 72), 62)
((78, 123), 23)
((123, 78), 23)
((8, 143), 4)
((8, 179), 2)
((17, 64), 23)
((17, 168), 11)
((40, 47), 9)
((40, 64), 31)
((47, 40), 9)
((59, 86), 2)
((59, 172), 2)
((64, 17), 23)
((64, 40), 31)
((64, 70), 28)
((64, 86), 16)
((64, 93), 30)
((64, 110), 21)
((64, 168), 22)
((64, 179), 9)
((70, 64), 19)
((70, 75), 3)
((70, 110), 28)
((75, 70), 3)
((75, 93), 3)
((86, 59), 2)
((86, 64), 16)
((86, 91), 18)
((91, 86), 18)
((91, 107), 13)
((91, 179), 6)
((93, 64), 24)
((93, 75), 10)
((107, 91), 13)
((110, 64), 28)
((110, 70), 21)
((112, 142), 4)
((142, 112), 4)
((143, 8), 4)
((143, 170), 4)
((168, 17), 10)
((168, 64), 23)
((170, 143), 4)
((172, 59), 2)
((179, 8), 2)
((179, 64), 9)
((179, 86), 2)
((179, 91), 6)
((74, 119), 8)
((77, 119), 1)
((119, 77), 9)
((78, 152), 30)
((152, 78), 30)
((2, 124), 13)
((4, 96), 27)
((6, 78), 7)
((6, 96), 28)
((6, 124), 3)
((6, 149), 3)
((7, 96), 3)
((78, 6), 7)
((78, 114), 13)
((78, 124), 13)
((78, 149), 11)
((78, 186), 31)
((96, 4), 27)
((96, 6), 28)
((96, 7), 3)
((96, 106), 22)
((96, 114), 4)
((96, 131), 31)
((96, 177), 13)
((106, 96), 22)
((106, 147), 23)
((114, 78), 13)
((114, 96), 4)
((114, 147), 11)
((114, 177), 3)
((124, 2), 11)
((124, 6), 3)
((124, 78), 16)
((131, 96), 31)
((131, 141), 15)
((141, 131), 15)
((145, 147), 28)
((147, 106), 23)
((147, 114), 11)
((147, 145), 28)
((147, 172), 3)
((147, 186), 9)
((149, 6), 4)
((149, 78), 11)
((162, 177), 18)
((172, 147), 3)
((177, 96), 14)
((177, 114), 3)
((177, 162), 18)
((186, 78), 31)
((186, 147), 9)
((78, 79), 24)
((79, 78), 21)
((102, 78), 6)
((4, 41), 16)
((41, 4), 15)
((41, 78), 26)
((78, 41), 26)
((8, 111), 12)
((10, 28), 7)
((10, 49), 7)
((10, 143), 9)
((10, 153), 6)
((28, 10), 7)
((29, 143), 3)
((49, 10), 7)
((49, 153), 7)
((104, 121), 1)
((111, 8), 12)
((111, 130), 6)
((111, 143), 12)
((111, 153), 11)
((121, 104), 1)
((121, 182), 7)
((130, 111), 6)
((143, 10), 9)
((143, 29), 3)
((143, 111), 12)
((153, 10), 6)
((153, 49), 7)
((153, 111), 11)
((182, 121), 7)
((16, 78), 44)
((78, 16), 44)
((78, 90), 41)
((90, 78), 41)
((78, 190), 31)
((190, 78), 31)
((4, 101), 22)
((78, 101), 31)
((101, 4), 22)
((101, 78), 31)
((3, 50), 28)
((4, 128), 1)
((7, 60), 3)
((15, 166), 2)
((22, 147), 25)
((37, 78), 19)
((42, 147), 28)
((50, 3), 28)
((50, 149), 31)
((60, 7), 3)
((60, 120), 1)
((76, 147), 1)
((78, 37), 19)
((78, 109), 25)
((107, 147), 30)
((109, 78), 25)
((118, 137), 31)
((118, 182), 31)
((128, 4), 1)
((137, 118), 31)
((147, 22), 25)
((147, 42), 28)
((147, 76), 1)
((147, 107), 30)
((147, 150), 11)
((149, 50), 31)
((150, 147), 13)
((150, 161), 2)
((161, 150), 2)
((163, 166), 2)
((166, 15), 2)
((166, 163), 2)
((182, 118), 31)
((46, 78), 22)
((78, 46), 22)
((4, 98), 31)
((4, 140), 31)
((60, 98), 31)
((74, 98), 31)
((77, 98), 31)
((78, 98), 31)
((78, 140), 31)
((98, 4), 31)
((98, 60), 31)
((98, 64), 15)
((98, 74), 31)
((98, 77), 31)
((98, 78), 31)
((98, 137), 31)
((98, 147), 31)
((98, 161), 31)
((98, 174), 31)
((98, 182), 17)
((137, 98), 31)
((140, 4), 31)
((140, 78), 31)
((147, 98), 31)
((161, 98), 31)
((174, 98), 31)
((182, 98), 31)
((4, 97), 31)
((97, 4), 31)
((97, 161), 31)
((161, 97), 31)
((150, 166), 1)
((166, 150), 1)
((78, 57), 1)
((78, 85), 32)
((85, 78), 31)
((4, 82), 31)
((4, 187), 1)
((45, 78), 31)
((78, 45), 31)
((78, 82), 31)
((78, 127), 31)
((78, 187), 31)
((82, 4), 31)
((82, 78), 31)
((127, 78), 31)
((187, 4), 1)
((187, 78), 31)
((4, 43), 11)
((43, 4), 11)
